18 162
18 170
18 171
18 172
18 173
18 174
19 162
19 163
19 164
19 169
19 170
19 171
19 172
19 173
20 104
20 164
20 168
20 169
20 170
20 171
20 172
21 26
21 27
21 104
21 166
21 167
21 168
21 169
21 170
21 171
22 26
22 27
22 28
22 30
22 104
22 105
22 106
22 164
22 166
22 167
22 168
22 169
22 170
23 27
23 28
23 29
23 105
23 106
23 111
23 112
23 168
23 169
24 28
24 29
24 112
24 168
25 29
25 30
25 31
25 111
25 112
25 113
25 114
25 115
25 116
25 119
26 30
26 31
26 32
26 106
26 111
26 112
26 113
26 114
26 115
26 116
26 136
26 139
26 166
26 168
26 169
27 31
27 32
27 33
27 166
27 167
27 168
27 169
28 32
28 33
28 34
28 115
28 119
28 168
29 33
29 34
29 111
29 112
29 114
29 115
29 116
29 118
29 119
29 136
29 139
29 140
30 34
30 35
30 115
30 139
30 140
30 141
30 142
30 143
30 166
30 167
30 168
31 35
31 36
31 142
31 166
31 167
31 168
32 36
32 37
32 119
32 128
32 142
32 143
33 37
33 38
33 41
33 128
33 139
33 140
33 141
33 142
33 143
33 144
34 38
34 139
34 140
34 141
34 142
34 143
34 144
34 145
34 146
34 166
35 142
35 143
36 128
36 143
37 143
38 127
38 128
38 129
38 143
39 143
40 44
40 127
40 128
40 129
40 143
41 45
41 128
41 129
41 140
41 141
41 142
41 143
41 144
41 194
42 46
42 47
42 129
42 140
42 141
42 143
42 144
42 194
42 196
42 197
42 202
42 203
42 206
42 207
42 210
43 47
43 48
43 128
43 129
43 130
43 131
43 132
43 137
43 140
43 141
43 143
43 206
43 207
43 209
43 210
44 48
44 49
44 50
44 129
44 131
44 132
44 137
44 138
44 139
44 140
44 141
44 142
44 143
44 144
44 145
44 206
45 49
45 50
45 51
45 80
45 89
45 91
45 137
45 138
45 140
45 141
45 144
45 197
45 203
45 206
45 207
45 210
45 211
46 50
46 51
46 52
46 129
46 132
46 137
46 138
46 140
46 206
46 207
46 209
46 210
46 211
46 212
46 214
47 51
47 52
47 53
47 129
47 130
47 131
47 132
47 133
47 135
47 136
47 137
47 138
47 139
47 140
47 141
47 210
47 211
48 52
48 53
48 54
48 91
48 92
48 132
48 137
48 138
48 139
48 140
48 141
48 186
49 53
49 54
49 55
49 78
49 79
49 80
49 91
49 92
49 93
49 137
49 138
49 207
49 210
49 211
49 214
49 216
49 218
50 54
50 55
50 56
50 132
50 137
50 138
50 210
50 211
50 214
51 55
51 56
51 57
51 93
51 95
51 132
51 135
51 136
51 137
51 138
51 184
52 56
52 57
52 58
52 76
52 77
52 78
52 79
52 91
52 92
52 93
52 94
52 95
52 96
52 97
52 183
52 184
52 185
52 186
52 214
52 216
53 57
53 58
53 76
53 77
53 78
53 93
53 94
53 95
53 214
53 215
53 216
53 217
54 58
54 59
54 60
54 95
54 96
55 59
55 60
55 76
55 93
55 94
55 95
55 96
55 97
55 98
55 183
55 184
56 60
56 61
56 75
56 76
56 77
56 78
56 93
56 94
56 95
56 96
56 97
56 183
56 184
56 215
56 216
57 61
57 62
57 63
57 76
57 95
57 96
57 215
57 216
58 62
58 63
58 95
58 96
58 97
59 63
59 64
59 69
59 70
59 76
59 94
59 95
59 96
59 97
59 154
59 155
59 182
59 183
60 64
60 65
60 66
60 67
60 69
60 70
60 74
60 76
60 95
60 96
61 65
61 66
61 69
61 96
62 66
62 67
62 68
62 69
62 70
62 96
63 67
63 68
63 69
63 70
63 71
63 74
64 68
64 69
65 69
66 70
67 71
67 74
68 72
68 73
68 74
68 155
69 73
69 74
69 96
69 155
69 156
69 182
70 74
70 75
70 76
70 94
70 96
70 155
70 181
70 182
71 155
71 181
71 182
72 94
72 153
72 154
72 155
72 180
72 181
72 182
72 183
73 94
73 95
73 180
73 181
73 182
73 183
74 94
74 182
75 93
75 94
75 95
75 216
75 217
76 93
76 94
76 95
76 96
76 183
76 215
76 216
76 217
77 92
77 93
77 94
77 95
77 183
77 215
77 216
77 217
77 218
77 219
78 91
78 92
78 93
78 94
78 95
78 183
78 184
78 185
78 214
78 216
78 217
78 218
78 219
78 220
79 90
79 91
79 92
79 93
79 94
79 185
79 217
79 218
79 219
79 220
80 89
80 90
80 91
80 92
80 93
80 185
80 186
80 198
80 200
80 203
80 204
80 218
80 219
80 220
81 88
81 89
81 90
81 91
81 92
81 187
81 198
81 200
81 203
81 219
81 220
82 86
82 87
82 88
82 89
82 90
82 91
82 187
82 188
82 195
82 197
82 198
82 199
82 200
82 203
82 220
83 87
83 88
83 89
83 90
83 189
83 195
83 198
83 199
84 88
84 89
84 190
84 195
84 197
84 198
84 199
86 189
86 190
87 145
87 188
87 189
87 190
87 191
87 192
87 194
87 195
87 197
87 198
88 145
88 147
88 148
88 186
88 187
88 188
88 189
88 190
88 191
88 195
88 197
88 198
89 145
89 148
89 186
89 187
89 188
89 189
89 190
89 195
89 197
89 198
89 199
89 203
90 148
90 149
90 150
90 185
90 186
90 187
90 188
90 189
90 198
91 150
91 184
91 185
91 186
91 187
91 188
91 218
91 219
91 220
92 150
92 151
92 152
92 180
92 183
92 184
92 185
92 186
92 187
92 218
92 219
93 97
93 152
93 180
93 182
93 183
93 184
93 185
93 186
93 216
93 218
94 152
94 153
94 154
94 180
94 181
94 182
94 183
94 184
94 185
95 152
95 153
95 154
95 182
95 183
95 184
95 185
96 152
96 153
96 154
96 155
96 182
96 183
96 184
97 102
97 103
97 107
97 108
97 151
97 152
97 153
97 154
97 155
97 156
97 157
97 159
97 181
97 182
97 183
97 184
97 185
98 102
98 103
98 104
98 105
98 107
98 108
98 150
98 151
98 152
98 153
98 154
98 155
98 156
98 157
98 158
98 159
98 160
98 182
98 183
98 184
99 103
99 104
99 105
99 107
99 108
99 152
99 153
99 154
99 155
99 156
99 157
99 158
99 159
99 160
100 104
100 105
100 107
100 108
100 152
100 153
100 154
100 157
100 158
100 159
100 160
100 161
100 162
100 172
100 173
100 174
101 105
101 106
101 107
101 108
101 157
102 106
102 107
102 108
102 109
102 154
103 107
103 108
103 109
103 150
103 151
103 152
103 160
103 161
103 162
103 163
103 170
103 171
103 172
104 108
104 109
104 162
104 170
104 171
104 172
105 109
105 110
105 111
105 112
106 110
106 111
106 112
106 136
106 138
106 139
107 111
107 136
107 138
107 139
107 150
107 162
108 135
109 113
109 114
109 134
109 135
109 136
109 137
109 138
110 114
110 115
110 134
110 135
110 136
111 115
111 116
111 117
111 118
111 134
111 135
111 136
111 137
111 138
111 139
112 116
112 117
112 136
113 117
113 118
113 119
113 134
113 135
113 136
114 118
114 119
114 131
114 132
114 133
114 134
114 135
114 136
114 137
115 119
115 120
115 121
115 131
115 134
115 135
115 136
116 120
116 121
116 134
117 121
117 122
117 123
117 131
117 133
117 134
117 135
118 122
118 123
118 124
118 126
118 127
118 128
118 130
118 131
118 132
118 133
118 134
118 135
118 136
119 123
119 124
119 126
119 127
119 128
119 131
119 134
120 124
120 125
120 126
121 125
121 126
121 127
121 128
121 130
121 131
121 133
121 134
122 126
122 127
122 128
122 130
122 131
123 127
126 130
126 131
127 131
128 132
128 137
128 140
128 143
129 133
129 137
129 140
130 134
130 136
130 137
131 135
131 136
131 137
131 138
131 139
131 140
132 136
132 137
132 138
132 139
132 140
133 137
135 139
136 140
137 141
138 142
138 186
139 143
139 145
139 148
139 166
140 144
140 145
141 145
141 146
141 147
141 148
141 186
141 187
141 188
141 189
141 190
142 146
142 147
142 148
142 164
142 165
142 166
142 188
142 189
142 190
142 191
143 190
143 191
143 194
144 148
144 188
144 189
144 190
144 191
144 192
144 193
144 194
144 195
144 197
145 165
145 166
145 187
145 188
145 189
145 190
145 191
145 192
145 194
145 195
146 164
146 165
146 166
146 188
146 189
146 190
146 191
146 192
146 194
147 163
147 164
147 165
147 166
147 187
147 188
147 189
147 190
147 191
148 162
148 163
148 164
148 165
148 166
148 170
148 186
148 187
148 188
148 189
148 190
149 161
149 162
149 163
149 164
149 165
149 170
149 171
149 172
149 185
149 186
149 187
149 188
149 189
150 160
150 161
150 162
150 163
150 164
150 172
150 184
150 185
150 186
150 187
150 188
151 159
151 160
151 161
151 162
151 163
151 172
151 173
151 174
151 175
151 177
151 178
151 179
151 180
151 183
151 184
151 185
151 186
151 187
152 157
152 158
152 159
152 160
152 161
152 162
152 174
152 175
152 179
152 180
152 181
152 182
152 183
152 184
152 185
152 186
153 157
153 158
153 159
153 160
153 161
153 175
153 179
153 180
153 181
153 182
153 183
153 184
153 185
154 158
154 159
154 160
154 180
154 181
154 182
154 183
154 184
155 159
155 181
155 182
155 183
158 174
158 175
158 176
159 173
159 174
159 175
159 176
159 177
159 178
159 179
159 180
159 181
159 182
159 183
159 184
160 172
160 173
160 174
160 175
160 176
160 177
160 184
161 171
161 172
161 173
161 174
161 175
161 176
161 177
161 184
161 185
161 186
162 170
162 171
162 172
162 173
162 174
162 175
162 186
163 169
163 170
163 171
163 172
163 173
163 186
163 187
164 168
164 169
164 170
164 171
164 172
165 169
165 170
165 171
165 189
166 170
175 179
180 184
180 185
189 194
189 195
190 194
190 195
190 196
190 197
190 198
191 195
192 196
193 197
194 198
195 199
196 200
196 201
196 202
196 203
197 201
197 202
197 203
197 204
197 206
198 202
198 203
199 203
199 204
199 205
200 204
200 205
200 220
201 205
201 206
202 206
202 207
202 208
203 207
203 208
203 209
203 220
204 208
204 209
204 211
204 219
204 220
205 209
205 210
205 211
206 210
206 211
206 212
207 211
207 212
207 213
207 214
207 218
207 220
208 212
208 213
209 213
210 214
211 215
211 218
212 218
214 218
