104 109 0.204970412096124
130 137 0.19458505009293114
104 108 0.18537707347663496
22 106 0.17769149921619187
51 137 0.1940502648494332
103 109 0.1756095945804236
130 136 0.1626975723340633
103 108 0.16733510198076695
97 108 0.15718158056981388
107 136 0.15846205102407718
121 130 0.1578223383593449
105 111 0.15618413398553604
114 137 0.13251725750559185
109 136 0.13951437467977862
51 136 0.14012735548722793
107 139 0.13993976191228283
45 137 0.1351283018754757
23 106 0.13768417767969665
103 107 0.1333219175326002
47 131 0.13103641341963068
46 138 0.124639073568127
122 131 0.13051001606596246
47 130 0.12337414907806075
106 112 0.13349853646811666
106 111 0.13029040017774915
45 138 0.13171869267207328
126 130 0.12464527016743593
109 114 0.12554731677731285
107 162 0.11970346168730987
44 50 0.11927335374287715
98 108 0.1231916883476973
111 118 0.12248327170297743
46 137 0.12134461799566876
29 119 0.11651732796909876
109 137 0.11812294337007789
43 137 0.11761228919110066
128 137 0.11834014165821312
127 131 0.11470525123137322
111 116 0.11681001875825812
106 138 0.11861404081212257
47 138 0.11132318026437933
121 131 0.1145052862283399
122 130 0.11463222105556133
131 137 0.1146445113869196
44 49 0.11397859178219123
44 48 0.10954724206747056
47 129 0.11170713734864654
108 135 0.1119444694397653
114 136 0.11230519405723874
111 136 0.11140719884467863
51 132 0.11344991116852043
105 110 0.11266432767408659
43 132 0.11139389529700279
112 117 0.10729533265065613
126 131 0.11042679459312092
128 132 0.11180850512671077
106 136 0.11162500318008174
114 133 0.11020746845123307
26 106 0.1128438439631
105 109 0.11065780387681025
44 131 0.1112608243197872
29 116 0.10763799820813068
109 134 0.10640785602078992
43 141 0.10939088845274587
100 108 0.10945857965829062
118 128 0.10706993664078682
44 206 0.10826106984457395
112 116 0.10757962478270228
113 117 0.10644835860568007
41 128 0.10829746335674116
97 107 0.1057439795516584
99 157 0.10790408273299155
111 117 0.10482365350225512
34 143 0.1038021676470057
110 134 0.10547880998989963
102 107 0.10771924083578795
113 119 0.10566105639753538
106 139 0.10460645080845585
109 135 0.10411496197973052
118 127 0.10580152375978152
34 146 0.1029730568282918
45 141 0.10468975518538119
41 129 0.10398081338220444
110 114 0.10319692817186561
119 128 0.10512081665076428
51 135 0.10320738001125357
42 140 0.10171028005879149
33 142 0.10637582832833402
43 210 0.10295968001385329
40 127 0.10204329018682232
32 142 0.10210993728578743
29 136 0.10267891295415289
32 128 0.10265534719946978
131 138 0.10358032223215789
102 108 0.10175029855366446
98 105 0.10410221132360645
44 137 0.101554808891
161 176 0.10271527192898035
112 136 0.10079435717073143
111 115 0.10207556439084821
119 127 0.10169406439919243
121 133 0.10192946294671157
45 211 0.10171667104143214
118 134 0.1011649332530054
26 111 0.10200396491921919
45 49 0.1012990152084188
99 108 0.10208537014429234
32 119 0.1012519885922927
111 134 0.10212732641575019
45 51 0.10133138697485691
113 118 0.10185273524827698
42 47 0.1005001642285131
44 129 0.1009566318599957
121 128 0.10035004628302009
101 108 0.10071026154408644
35 142 0.10168198434580886
158 175 0.10219528504553105
128 140 0.10055347536228068
44 138 0.10053750021371541
46 140 0.1008591771869469
45 91 0.10109145951292789
43 128 0.10035595552056091
