104 109 0.3695307384184109
104 108 0.395662846588719
97 108 0.3389312052112004
22 106 0.3475477367135066
103 108 0.24723428891758426
103 109 0.22653813622843597
108 135 0.2745864236444825
23 106 0.26639517182395944
97 107 0.26933071419841137
109 134 0.2165633248633905
26 106 0.23938070103435974
103 107 0.21830010376983117
98 108 0.20356587666012876
105 111 0.18879678308071635
102 107 0.21027359212633062
118 128 0.16960713486662699
109 135 0.17074956613362213
107 162 0.1765730654934205
106 111 0.16833311923156385
111 117 0.14271563349954353
47 131 0.1427401957943812
121 133 0.1426500711527828
47 130 0.193792818336167
47 129 0.149340991037391
109 136 0.15535501840806662
44 138 0.1475536606662322
112 116 0.14469576982679952
45 137 0.13833536526909457
119 128 0.1495154899197047
51 137 0.1443286897248632
100 108 0.1617795526323317
113 117 0.1465627674934233
102 108 0.13768174152967194
45 138 0.15361179127711821
111 116 0.13515594332778266
113 119 0.13663180356930213
128 140 0.1418384077484976
109 137 0.14200875411529743
105 109 0.13976519904274282
44 137 0.14382017776605854
32 128 0.13155473722431577
46 138 0.12504413178182733
111 115 0.11922200942696862
99 108 0.1259079890978603
98 105 0.11785774491333319
126 130 0.1225992271287891
113 118 0.12617181198643376
43 132 0.12525820300590398
109 114 0.11728335958718333
128 137 0.11213969126172396
42 47 0.1159589334840156
112 117 0.1196468322089606
44 206 0.11015278714023918
34 143 0.11040586599452779
101 108 0.11792968924917469
43 137 0.11389546594825595
121 128 0.11310501706950454
33 142 0.11418821005809246
118 127 0.10566405115123245
111 134 0.10944084724333543
51 132 0.11237210368884983
106 138 0.10902294827197109
121 130 0.10668950784450368
111 118 0.11386588570331718
112 136 0.1060515826082471
99 157 0.10732541268690839
40 127 0.10541335787238945
45 49 0.10582042894040598
51 135 0.10586395745575106
44 48 0.10548677988336758
106 139 0.10708046435782953
43 210 0.1055168096658491
34 146 0.1040942975050262
106 136 0.10444372250963617
122 130 0.10864162342135134
44 131 0.10487190651856843
44 50 0.10471624992970381
107 139 0.10827511429113096
131 137 0.10477401445221553
46 140 0.10374338090270066
43 141 0.10199078893223526
44 49 0.10339286711277175
41 128 0.10283228776047341
45 141 0.10590171997580608
45 51 0.10351615070863907
45 211 0.10829848371499282
46 137 0.10428936522675966
29 136 0.10280327685296402
126 131 0.1044308643015049
26 111 0.10363222871839071
110 114 0.1011821265710086
130 136 0.10319456113606093
122 131 0.104276960416852
118 134 0.10290764398223315
127 131 0.10495927043664678
43 128 0.10206623076129315
106 112 0.10272834855797044
161 176 0.10193271752388984
45 91 0.10591215618138014
158 175 0.10230538871566008
111 136 0.10102252116316537
42 140 0.10296051745136939
130 137 0.10317260907987225
114 137 0.10138871103677709
41 129 0.10122180785155434
114 136 0.1023448927229177
131 138 0.10108341766438475
29 116 0.1014824968280221
128 132 0.10208081048817767
114 133 0.10255350376477941
32 119 0.10263278705224445
51 136 0.10011090761169796
47 138 0.10091528168988742
29 119 0.10193591623371258
119 127 0.10437951149925899
105 110 0.10240745056208034
35 142 0.1
44 129 0.10089262101944542
110 134 0.10023360226267626
107 136 0.10117933765842019
32 142 0.10184225261347768
121 131 0.10309659720505715
