137 0.5886313996286584
136 0.5867284094166754
162 0.5694999836786195
210 0.45366967184525275
206 0.44073257261845555
130 0.4172975534457465
51 0.3541518643205471
157 0.26574912894258773
131 0.2599171736370708
138 0.24264868693654779
139 0.22778128171329665
142 0.22534011183339706
129 0.22155048073787087
114 0.20850839711547187
115 0.20654589497984777
110 0.16597261645000422
132 0.14856279175443532
41 0.14213190344953155
161 0.139590856275869
29 0.13523293923961616
46 0.12827895878935738
126 0.12523699784123704
158 0.1056651778375555
141 0.08946655164954362
40 0.08634182762872632
176 0.08146261398759731
175 0.06615613430515335
34 0.06262873922342643
33 0.05809267361539201
143 0.05211014399866255
133 0.037273826036051186
100 0.03626628288956274
48 0.032340586780947145
101 0.028666626413747523
42 0.02051800157774039
118 0.0203195827403177
43 0.016719323174042164
140 0.007167029625918225
105 -0.008901823963657726
47 -0.011297006790191202
119 -0.01539081895683711
111 -0.024308753316285986
112 -0.025348352682863784
45 -0.029010408578941188
117 -0.057560980482554064
23 -0.058293651809239594
44 -0.07133000607494283
26 -0.07899202865565524
22 -0.11629142745389412
103 -0.13322243821891402
134 -0.15880638143816425
135 -0.16633409445169797
98 -0.16845206097634416
97 -0.19987031234845146
128 -0.27133433897312076
104 -0.5012367005619943
