137 0.9990831379239036
136 0.7949721411586266
162 0.7145378358908808
130 0.660020627367933
103 0.5827298245427046
138 0.49189018716493726
51 0.48412255938596627
206 0.4694578126640404
210 0.4682436563017127
111 0.46738011572441274
104 0.4549203599372441
131 0.4258653706860589
97 0.416777226604214
47 0.3472638020174933
129 0.3369413522789484
142 0.31437777776390297
45 0.3046478873431272
22 0.30233668858388774
139 0.29810985595278283
114 0.2976328663053812
157 0.2829980323235969
105 0.28296276910488466
132 0.2826657366850459
44 0.26549080098902944
118 0.26416671062403907
135 0.25779329275672064
115 0.25005935043672106
128 0.2496731526133136
98 0.22319506005105488
43 0.22194476076581815
112 0.2217082104872124
46 0.21722772270389948
140 0.20732745606749756
110 0.20583269910655505
23 0.20395723722178333
141 0.18405560838104906
119 0.18308612257039716
143 0.17965259877664674
126 0.1780437052635594
133 0.17335825566894886
29 0.17249598511890202
26 0.1701361395371984
41 0.1609571758587423
117 0.1565646331486974
134 0.15575035039830226
161 0.14886397825105335
33 0.14124080884434687
48 0.13687038942178809
34 0.13465736050811677
100 0.13405271040605105
40 0.13136400448847185
175 0.12793752507427658
101 0.12503848158656622
42 0.12281454460395262
176 0.11641430493062338
158 0.11548947948671641
