154 0.982001620804581
96 0.6435560831627367
82 0.5935855735862253
148 0.5144683231891992
89 0.4129950056198366
180 0.3454094132003849
152 0.33984611415633414
184 0.28388736245255575
95 0.2707249618574783
186 0.2668402295861045
153 0.2472952803079487
166 0.24596555426365482
203 0.19691061269213428
151 0.18263984339219494
159 0.17732746431521304
179 0.17145349177497593
195 0.16940848868723662
185 0.16757652571715076
197 0.16613646867309084
189 0.15342399952508598
75 0.14722018343095947
217 0.14722018343095947
92 0.14696721013247213
155 0.13849883591887244
160 0.13754017723015047
144 0.13419287648205178
88 0.1310048974956101
177 0.12881254709162332
165 0.12854721588891885
145 0.12781468999079063
55 0.12629257139792244
27 0.12496309564469374
30 0.12474732966879815
147 0.12468916542538688
191 0.12334256881759308
164 0.12303119084579625
52 0.12111655617597604
170 0.12075822559221105
31 0.12060591462984474
150 0.12041044079107656
198 0.11866962390300265
190 0.11646268599229559
196 0.11560240510911181
25 0.11442772175478796
167 0.11438379399417048
90 0.10952608727383512
59 0.10884835227960689
93 0.10812763875669977
38 0.10808164359961106
79 0.10807749968025673
86 0.10777020433987947
70 0.10745512033361519
94 0.10745512033361519
171 0.10687212822061147
