98 107 0.17611950965906753
103 170 0.1575035899835621
109 113 0.14487016018658525
99 107 0.16121672646778523
98 104 0.14991410018125875
22 105 0.12682656343952048
101 107 0.1385562698380132
128 143 0.1321014200996195
24 112 0.13428164552335303
50 132 0.12467012850412418
25 112 0.12174999774917342
48 140 0.12301758583584149
118 133 0.12063383010134465
113 136 0.12092326496138593
45 144 0.119442289766095
50 137 0.1216587504498596
113 135 0.11821828905401557
45 140 0.11974630846548166
42 144 0.1150731626419583
121 134 0.1105537217367629
33 128 0.11503668535705472
103 162 0.1128176177185301
44 141 0.11291668752445388
122 128 0.12038250695365574
43 48 0.11216119933150331
44 142 0.119184591871911
117 133 0.10882525999357076
102 106 0.11353932553250451
119 134 0.10823936288371766
141 186 0.11004974994043037
114 134 0.10948454934085802
44 139 0.1099000014782672
121 127 0.11061091914382784
43 207 0.10850487362264287
107 150 0.10784636312336615
153 175 0.10813247867791168
26 113 0.10713774653177635
47 211 0.10595683440831478
40 44 0.10702592396940408
42 143 0.10975187014293594
45 89 0.10588064491819968
48 132 0.104604517189105
43 209 0.10840949928594344
21 104 0.10655389428966154
159 175 0.10836573424102676
45 80 0.10566661393837491
48 141 0.10372028040322864
152 175 0.10562026947291761
40 143 0.10499027216815915
102 109 0.10876585263125169
160 176 0.10806535245378981
34 140 0.10465736632362166
23 112 0.10224720404767551
116 134 0.1050219440577814
106 110 0.10577895498017816
33 38 0.10367340322019863
34 38 0.10291035611326577
32 37 0.10431898337395946
117 134 0.10534129847912295
33 37 0.10597234998964816
34 139 0.1049473303762775
42 46 0.1037358966766664
43 131 0.10293557286234394
36 128 0.10362734643744342
104 170 0.10314273297983595
46 129 0.10164272157633505
111 138 0.10092929034705846
115 134 0.10152460050191539
26 112 0.10094467803117116
43 143 0.10201041049673983
129 140 0.10323575663695585
43 206 0.1005950109280426
142 190 0.10330055127616038
122 127 0.1026355352386823
45 203 0.10141984794144086
159 174 0.10065238487077766
43 47 0.10336994336182606
141 190 0.10335270843186177
152 174 0.10056412814584507
37 143 0.1009530016127526
44 140 0.10143867339128498
29 111 0.10162450019016546
25 119 0.1005020180046018
159 176 0.10062248840800998
