96 154 0.3974517597692364
148 162 0.3269198656958455
206 210 0.28815062253777685
82 89 0.2703348783321103
97 154 0.19736996659718836
162 186 0.1917738697897328
138 142 0.18538379604680144
129 137 0.18527423787202582
103 152 0.18547275007475583
95 154 0.19395807637718676
82 203 0.14887911935688455
115 136 0.14397214226123886
153 157 0.14139422891385162
82 197 0.1351527688741208
51 184 0.13134870328293394
139 143 0.1276686478122013
153 180 0.1231047390383245
159 180 0.11916602085364912
47 135 0.11662921792767322
88 189 0.11539989947848454
151 184 0.11276803851839612
23 111 0.11618523256576156
151 180 0.11828685321625793
115 135 0.11805854683616276
75 217 0.12451701022982961
118 136 0.1151858014155755
180 185 0.11635342186088529
152 180 0.11824998222338494
110 136 0.12027577829653181
131 136 0.11502667426574872
82 198 0.10846434151544075
160 184 0.11459401971213093
161 177 0.10968687401719968
33 141 0.11223101388559911
47 136 0.10966945097753641
27 166 0.11200287170900172
140 144 0.11264654032107406
165 170 0.10963866634646009
180 184 0.11252099011311258
191 195 0.11109172388113678
133 137 0.11276553830491841
132 140 0.1101672964372161
101 157 0.10878675598789667
153 185 0.11118919380959444
159 179 0.10919172271857398
45 210 0.10880698611523912
31 166 0.10955302888572864
155 159 0.10799072785174892
142 147 0.10930061309351655
51 138 0.1151373040888903
150 184 0.10944312292143386
137 141 0.11127150015278944
22 164 0.11091665034461577
30 166 0.10864813478469325
47 139 0.1102453631258525
55 98 0.1127503748817327
26 166 0.1101766783828045
97 157 0.1081363113963184
98 157 0.1082128332872175
129 133 0.10666605771605067
92 180 0.10789295797925358
132 137 0.10486189274984799
175 179 0.10893173152907155
43 140 0.1070093672198587
151 179 0.10828048652470021
114 132 0.10550735636220995
132 138 0.1069892959502936
41 45 0.10686318936375026
98 152 0.10878412617895125
118 130 0.10823769469367661
161 184 0.10794261417409
145 195 0.10549256775209248
152 157 0.10602828182777013
52 92 0.10478302254428021
22 167 0.1060546161429718
40 128 0.10463576076440792
105 112 0.10703739570642905
136 140 0.10540739790982104
100 157 0.10510672484765504
40 129 0.10382627743929947
96 155 0.10358389722553007
48 92 0.10660231397438007
111 137 0.10573171685126297
110 135 0.1056633315261515
46 206 0.1041882606586729
152 179 0.10409362536683767
52 79 0.1025088764058026
132 139 0.10432264419573146
189 195 0.10262441265308427
22 166 0.10479744693411461
117 131 0.10355889980179837
130 134 0.10394124484768978
165 171 0.10183115137906476
131 139 0.10220444300714561
29 115 0.10424947314867143
34 166 0.10558180678957098
25 111 0.10297443171451687
59 155 0.10294229142847061
145 166 0.10556538429507858
42 129 0.10348791536137762
160 177 0.10193212726083788
139 166 0.10179005372421197
118 132 0.10244824388172169
43 130 0.10251969198236352
158 176 0.1019327670512285
86 189 0.10233609834547347
38 143 0.10251120634138614
118 126 0.10167911606223536
93 180 0.10253706730633459
82 195 0.1024637051011674
119 131 0.1016963258490301
41 144 0.10199757313363607
190 195 0.10151199390413701
41 142 0.10090869017413219
70 94 0.1021589410759352
90 185 0.10332335069730353
26 136 0.10134532599937285
114 135 0.10112912665502831
44 132 0.10158543750958653
47 140 0.10212135367714371
190 196 0.10316324752561802
89 195 0.10106687104678112
196 203 0.10102829746359795
46 132 0.1026549448117098
22 104 0.10207872529183434
111 135 0.10085244331354906
44 143 0.1011255257409781
25 115 0.10055664276052921
118 135 0.10141325409794215
30 115 0.1006851813922634
26 114 0.10083882596727535
135 139 0.1007402987394741
148 166 0.10153567097207994
147 189 0.1
